4513
9849
1630
2273
8491
3815
3073
3437
8380
4444
5949
5491
2541
1912
8983
6999
7685
7276
1052
8204
6864
846
3994
9632
4800
3503
1414
6470
8859
155
1174
3170
2739
4791
4350
2047
875
1702
8449
5329
4150
2096
8483
8942
4810
2685
4802
5235
6489
3423
219
3350
4419
7431
1735
2317
1873
6913
9868
4691
3363
8338
2384
2957
6151
1611
7036
4575
3324
5094
3352
5622
7352
9062
295
5056
3945
7180
9246
2292
8715
469
8502
7237
9690
79
3240
7349
9755
3635
5906
7026
5874
900
4086
8337
9548
8136
3924
6725
4973
5923
1128
4899
3595
9985
1210
3708
7323
4594
9639
5192
8598
6588
7658
9762
1730
3791
3298
6238
2414
8802
5095
6063
6103
878
9583
1632
1017
7505
1022
6118
7812
5536
3467
8778
8914
4209
7249
9179
4360
7575
3172
8514
5795
6803
2717
1960
5600
5435
3800
3247
1010
5220
8067
4821
8501
4676
2404
1850
422
4692
3758
2716
4291
3448
3110
4140
2480
7348
2875
3923
751
1173
3334
9777
1754
3958
8366
5636
1506
7116
584
8937
4329
2631
4844
7475
5993
4221
344
7842
5699
8866
4852
4626
4853
8845
4912
8116
8374
854
8816
554
8172
5313
7301
4456
879
576
62
3530
3983
6632
2153
1774
1973
5202
9465
164
5249
1752
3455
2652
3135
4483
8625
6224
9264
160
569
625
764
8971
4664
7193
5332
7089
5226
4002
6022
7162
4699
208
2212
5396
8404
3655
1349
9256
9170
880
5323
6385
749
823
3383
3679
235
9430
3032
8357
4121
6828
2688
8222
5291
4514
7259
8743
5843
8439
7966
4867
4289
755
4320
7136
5268
3235
8005
4163
7370
6398
2879
7924
6665
6225
4218
48
4698
4157
1115
8499
7137
788
6587
6829
2040
8529
6136
1958
9089
2463
7219
5841
7326
2032
8467
3150
1388
6183
5434
6743
5
5530
8452
958
5479
6436
4833
3680
6912
801
3882
7882
5876
1457
1469
8546
1073
7420
6020
2654
8740
3978
6003
4536
1584
4394
5069
6675
8905
9410
4749
1781
8240
6943
818
725
5540
7584
3271
3492
2089
5837
6043
2195
8874
7814
8692
5873
1587
8479
2731
1886
4602
4799
3424
2914
4201
6437
7830
2955
8981
6429
4593
1941
5068
324
4710
8927
1412
1928
9888
8738
6057
9732
2922
8088
3470
398
4986
4057
8832
4555
761
5561
3264
3146
3065
7766
3999
7663
716
365
4677
5497
7675
198
9510
2088
9271
5207
7621
4097
8230
932
10
401
5511
1921
5615
4250
5040
9760
2579
8655
2181
7687
8015
156
5102
9789
5319
1849
7377
8372
2053
220
3677
6336
5237
9996
8099
7281
6226
1929
8580
8674
7335
8784
4793
3152
5707
4071
3407
3821
9938
2947
3576
3464
8622
5904
6459
4748
8968
7495
7412
2396
5164
5871
7171
3860
2277
2080
7825
533
5556
7806
6033
8791
5483
3543
803
1783
2146
1499
3985
7903
5796
1925
8094
9949
4277
5992
1340
3143
2680
3625
998
258
5044
9842
5121
2912
1170
2853
3845
5398
18
2315
619
531
2460
5257
3631
1314
4065
3962
6706
6566
1023
8587
8087
3052
8485
9872
5654
901
9415
9708
266
4408
5631
9605
8303
6241
1391
1446
9707
2378
2956
8497
8031
9851
489
7128
6396
2559
2911
5178
6009
770
1813
7503
8800
98
9986
9895
1071
6237
8854
9375
8359
8601
9968
3329
5171
4247
5302
9613
9356
331
3253
9651
7302
1177
361
1889
229
7369
5767
937
6473
30
7981
5965
9642
5980
5828
3785
12
6276
5679
2843
732
9020
9202
7486
5759
8049
393
8201
5680
5881
4693
178
3759
9306
1909
841
8410
6232
9569
7427
3394
7441
1318
2363
3387
3234
4014
6027
626
741
7020
9354
7793
6810
9288
1408
1671
4227
8631
3777
1901
1079
9768
6692
7949
2318
2251
977
3493
8009
5152
9166
7788
325
369
2189
9018
2855
3465
5807
170
6187
9368
2898
8898
5204
7265
7639
9431
9534
9068
7595
9810
5770
5651
8719
8858
856
6973
205
1486
1784
4830
3764
6133
1290
3742
8438
7306
7280
3473
3226
1733
545
9383
1836
5046
1570
2143
8289
8575
5882
3216
6087
3403
8044
4461
7030
8248
275
3354
5756
4491
6716
1168
5120
7756
9823
5714
5741
928
8716
3018
5569
1125
6194
6148
6641
2896
1892
2376
1479
8578
8307
2029
1471
5333
9585
4947
8657
897
799
2821
4801
6690
5450
2417
2800
8650
4570
9488
5670
7148
7360
9877
675
5336
6352
6283
2916
6996
5157
9719
1777
2780
9817
4907
1136
1298
8799
9305
3375
9163
2576
103
6021
4746
2174
3333
8484
2139
3963
1614
5514
6144
5158
5000
5444
6968
7160
8362
7334
3522
6805
4609
4846
1855
1444
8602
1159
7325
371
8825
5116
5944
1863
5889
1114
7156
3480
1738
7704
8717
4368
5640
8170
3472
6685
4913
9841
6249
6175
5315
2679
9084
6062
4210
5518
8836
8712
9086
228
8279
2130
3093
523
1991
2151
2309
7511
5182
8466
623
3668
4559
9312
6
6873
3656
4754
676
4660
2326
5471
3806
5624
1463
7225
5066
4681
1523
8851
7437
3810
4862
2787
892
5605
8964
1337
6532
8400
3971
6958
7884
9310
8605
13
9837
6488
9005
8407
3751
9883
3456
3280
2817
961
7724
4957
218
5367
5128
7147
7832
2857
1786
1234
6483
9994
6841
9050
4720
9559
4670
7561
9137
8668
96
1961
7494
9857
1322
1859
8904
7874
3001
6561
2
7849
6648
1950
3277
8242
4392
7467
8162
7397
9499
9958
1887
4804
4108
5703
1239
3835
2778
5106
538
5426
1122
5072
5731
1397
6640
6458
4744
7206
4717
3833
6101
3901
9390
5254
720
9493
6098
2694
4685
8564
9483
7608
3300
7571
4880
1203
704
9335
9671
5127
9083
6995
6611
1226
5586
7150
7933
893
6354
171
5633
9655
2001
5191
8465
4265
1194
9276
8013
7904
6430
1546
3879
9045
2048
8892
7535
2838
1288
9820
8807
2779
4950
4058
2167
9275
8245
2049
1519
6739
9003
602
8509
2070
1396
2589
6408
8751
7953
3750
727
5457
5219
4441
1711
3798
4557
2135
2666
1874
5735
4658
334
8361
2229
2490
8482
8621
6432
2066
4214
97
7199
8033
6859
7367
2505
8710
8348
1150
6446
628
6843
5060
6138
8016
7497
3513
6688
9954
9236
4336
5304
8249
9782
5924
2612
3933
6192
3445
4612
3909
3640
6412
6351
6557
519
9323
7863
46
2228
6129
3490
5531
3105
9578
9530
2190
8286
5616
9338
2940
8271
8583
3593
1394
8637
135
1548
8919
1820
6623
8388
8113
6038
3053
412
3558
137
1575
9516
9521
9943
2910
7189
6341
5134
4292
8341
8508
2370
5836
174
3877
3036
7200
874
4357
3547
1613
309
9502
666
8699
4696
9123
3981
3838
9074
689
9270
4370
2371
6256
3749
145
3010
8394
7063
1211
5820
99
2661
5899
4260
758
1705
8678
5392
2469
7975
69
6577
5567
7201
3025
2962
4647
2969
6699
9604
7970
8990
4630
3294
7121
7873
1083
9960
1067
4183
4709
9526
4437
6581
6777
4855
1956
963
2037
2968
6500
4856
1303
7161
840
2665
804
6907
5048
2427
6058
2364
128
5729
3016
9882
5230
1351
5819
7394
2078
6325
7284
4790
4242
7315
5902
4413
2712
5660
3284
3190
8356
5208
5916
7452
8804
6384
3098
7864
5342
6311
6763
9798
9097
4104
6529
9167
7355
2954
6052
3212
9107
2237
7568
1616
3875
7034
1915
6872
857
7
6221
8788
5738
5225
7536
2845
2338
9187
9625
4995
7253
7777
1228
5307
6421
5790
9085
973
1406
5463
7564
7677
1729
9746
4248
9579
7433
3266
765
4389
5036
1716
9378
2500
5512
6660
3241
3516
4205
3916
9197
1269
2161
3584
8765
9186
4577
5690
2303
7029
7466
6657
6507
4526
8019
690
8924
9161
8835
2118
5564
2494
8206
9779
2782
7083
2121
40
3540
7016
8115
7289
2144
571
989
9818
5523
6538
6025
8368
7135
3243
8109
8797
9160
2475
8232
244
5369
3008
1362
3646
1688
7492
8911
8347
7731
5405
9991
1508
5195
791
922
6545
140
7207
7907
5027
7570
908
6329
1988
6682
7789
9282
256
2051
7415
6447
7991
2077
5373
5196
5200
9331
7693
4505
4175
1532
8314
290
5265
6372
8423
4965
1745
3921
8995
4672
9464
2900
1663
737
4607
9291
7699
5361
6039
9359
4304
9242
6812
7455
779
4056
7579
6710
7683
1229
4823
8425
3796
4252
1244
9873
5179
345
1578
2397
4794
7422
8724
8549
4989
9112
3127
6982
9140
88
8399
8857
378
2260
7828
7654
3400
8128
7911
3992
3379
9743
7062
8319
8540
1513
3180
659
6281
5519
3380
6686
677
2215
5051
8894
3210
9683
7234
9984
9205
1594
409
8037
8455
39
6523
176
3019
8541
5076
4414
4415
1734
6140
849
7439
342
9878
5842
2677
5725
4287
4122
9944
7317
2374
7085
340
9993
4611
1409
7515
2197
4112
8275
2609
179
6815
8517
4706
2924
8027
6427
4116
6696
9945
8351
3037
8568
7293
4290
9405
8217
1504
633
7204
4207
9159
2041
4874
8029
5286
1076
2536
192
4721
8468
6704
3713
385
6541
3719
477
3841
3508
4162
535
3385
9470
639
7088
7539
7602
1591
3251
4661
7242
6370
3358
2013
5583
383
5753
2691
4237
565
4561
9524
4072
5417
3477
7313
197
2561
9897
5141
6428
621
4204
5626
8052
9076
4322
4229
3757
2973
1453
1494
6157
7493
461
500
4043
3273
6353
47
2453
8060
7051
2550
3820
8584
8498
2124
8164
2513
4826
6310
7549
5506
1080
3771
5459
2186
6919
5887
4167
5898
21
3748
24
2959
74
5890
8221
4678
7867
4917
1151
8910
9124
5764
3934
6709
3421
2698
6644
3035
9995
7695
6994
2849
8648
8758
3960
3414
3907
8766
5857
90
4783
2306
7869
8737
4604
5587
987
5322
7393
4673
8776
1598
3760
4599
5345
2930
1293
3107
3433
9663
1138
5768
4187
1755
1535
8194
9095
5473
9248
2129
1846
8267
7451
5998
1979
7350
5241
9804
4401
9139
8310
6599
6594
7680
6289
9021
7798
9885
4284
7371
4027
9369
5612
9527
7992
1411
8327
1081
7976
9652
3113
4046
1090
549
7509
3630
5606
9439
9158
782
2203
7701
5975
7251
5427
8367
4127
1675
3386
427
1025
4331
7292
2901
2155
4551
7191
9227
7898
4809
4697
7304
4718
9694
1693
8826
2381
4825
8191
3459
558
3501
3111
734
1251
6373
2149
7320
640
9257
481
2980
1793
4239
9595
9136
3722
1773
1353
281
5001
7079
1063
9485
6564
7123
8645
4358
2018
1740
404
5577
4977
6300
6818
8992
7236
1521
73
4448
966
3520
7205
6630
2615
873
740
3661
7239
6679
8790
6892
2282
1902
6609
1225
2025
5954
5630
5590
6677
834
530
6018
8291
7353
5460
1761
6067
8733
7649
3090
2470
842
8476
5301
2234
3171
5508
6089
9826
5469
8343
3893
7626
942
9547
2339
4540
1307
5092
8457
9835
6736
3252
7829
9223
3696
3695
6944
9571
5809
5693
7272
1496
389
5451
3278
3726
4153
5300
6744
9366
6941
6846
1484
3788
1472
7243
284
5263
8897
6749
6808
430
7686
4903
9538
9174
8396
8089
3405
2465
8641
4338
6990
8002
3818
2733
7847
5673
3039
5931
4449
2953
1963
3515
2211
5075
5628
9460
2647
9445
4152
9133
927
6790
2883
8814
6964
2927
3946
1526
3967
8494
9176
9774
3956
9592
2640
1091
1833
7298
5746
7748
3384
4455
1845
8296
7525
9890
9577
2426
2360
9472
3531
5863
8628
3792
5662
6734
1852
4990
6721
1509
9695
3341
1398
4811
4311
2869
2020
50
7720
8377
5122
9910
2297
646
710
1033
3533
9183
253
7854
3157
3286
9157
1249
3369
6576
3319
3360
8792
5607
5658
9581
1329
5359
1342
8819
5137
8290
4109
1035
6160
2521
2793
4996
601
5251
1966
7574
7572
1148
6584
4628
9185
6453
4926
8630
979
5776
1505
6417
3990
1981
9329
555
5126
910
660
6691
5900
6760
8444
5549
4377
6299
5926
6023
4615
1582
8732
9298
7230
6349
33
9501
8442
6339
8414
9918
1072
517
1464
4871
1994
1317
2650
7894
7985
8693
1609
1555
3948
4387
6254
3137
5845
7255
4325
2596
7285
3257
7743
8798
1057
466
8581
7919
2877
4817
8853
1565
3701
8760
4355
4402
5510
5334
3752
8935
3682
4276
748
8822
8046
3305
2635
8273
1522
4928
442
6572
8559
3096
3434
9391
388
3474
3581
2006
884
9395
638
607
8603
5062
1482
9905
1871
9533
7951
359
1129
5946
4651
3891
3151
524
733
3931
1291
851
8522
1581
7757
4968
7963
5591
3408
1942
1660
9328
2686
9778
2678
1947
7990
3342
4230
4701
3598
8313
1545
9001
2946
8228
3968
2829
4353
4114
6621
4268
9103
4812
120
8582
9253
4705
201
9622
1759
5481
5380
9416
4458
8703
7227
9215
9421
3585
9635
7665
7426
4251
7752
3926
2122
3673
5383
7763
9073
4454
1802
5893
5831
2533
5455
6316
318
5914
3134
3915
8199
7905
9907
2313
3779
2759
3526
529
731
397
4877
9662
9617
2044
5921
1603
1339
9110
6914
9266
3802
8893
671
38
3482
2233
4782
4447
3756
7068
4107
2755
4008
868
4369
9787
550
3187
744
6146
6305
7637
6190
514
7104
2090
4920
2894
9426
7090
8978
1323
6296
6928
4741
8096
971
3733
2008
2518
3864
8828
9661
8227
6178
509
7910
4889
5909
6504
1051
1701
1744
8155
1192
6342
2777
4226
6348
9973
4052
147
2971
6544
372
4510
8753
4538
5960
5618
2275
8706
1473
7247
5414
7984
1898
4789
2255
5245
8972
299
795
9615
4328
1501
3939
7875
4034
7118
8137
1162
4650
4147
9990
4094
1302
8500
2748
698
4040
4598
2432
867
8349
5814
6106
1285
7736
5894
1164
5100
9924
5331
5318
2749
3703
3938
9933
1088
947
5278
6394
3737
9046
1137
9299
1533
6519
9399
541
7091
3613
2863
1593
1267
2079
7087
2904
3155
8714
1980
9566
7816
4731
1951
4359
8440
1432
4592
4457
7761
6108
6731
7552
573
5922
7591
2221
80
1085
3173
4978
7764
493
7560
2067
5952
1520
8843
8387
4354
2213
367
3672
6255
5565
1747
9334
6253
23
1753
722
1175
2359
7692
3431
2985
3441
9178
5715
6306
9500
2343
2015
2485
7801
2992
2407
6275
5186
3898
9563
2163
8282
9116
5458
7931
3848
153
49
934
986
343
7988
496
9206
9261
5403
3678
8446
7330
6080
5054
8929
3270
8925
756
3199
4589
7667
3995
6988
8882
5936
3404
8435
1612
5386
706
7125
3081
6774
4953
5592
5579
5145
2917
8856
4103
9680
6367
7582
5762
4018
8806
316
3772
5351
6002
2368
5855
9589
9643
7569
7198
7912
6918
2117
4932
2645
2524
5829
898
224
1492
4918
6617
6206
3356
2104
457
6344
8195
695
3648
1968
6173
3181
8330
6069
3040
2504
8917
9575
3922
3541
5712
8266
1932
2240
6131
8805
6377
6653
6490
3964
2348
5447
1250
1868
9838
3770
1641
6284
7779
2148
7042
9966
6562
5314
3626
7895
1305
4795
4199
5783
6041
5825
8557
6718
189
1623
3183
3061
5354
6301
949
5311
2434
2131
2269
3442
2419
1310
7580
6252
3973
1547
5717
903
8045
3303
2461
9785
4763
7119
2016
8952
6948
7531
6357
9425
1241
4646
7893
1243
4502
2113
1726
8270
6109
5742
4319
3603
9556
329
1460
827
7716
9772
7015
815
4374
8570
5028
4780
8218
8864
1254
6445
6536
9612
975
3738
8976
2670
4638
7446
2245
1577
59
5710
5256
7538
4648
5439
3307
7126
4405
4838
7923
6484
1588
9848
3353
7014
5977
9302
1253
3825
6161
6266
7032
1284
3308
3670
2574
2179
6376
9177
497
914
2330
9900
1233
6202
693
6082
4905
6698
9767
6922
7500
1817
7996
4013
2528
2263
8535
2700
5010
9125
2618
5611
6860
8066
2745
6374
9705
6378
264
3496
9173
2835
6474
1890
2868
597
1309
2057
1216
6381
3196
6959
2119
7518
7380
682
1930
181
5775
811
3729
1913
347
3191
9384
5258
7222
9438
7357
6293
1628
1296
4534
5969
5698
8886
6073
3426
9340
8434
8620
8593
6867
8077
1920
661
5205
2854
5283
4273
8635
2752
8812
992
4054
4803
3392
653
3205
4666
4161
1627
2718
2468
7917
6026
6834
9360
4335
1669
3887
8043
4036
8429
6565
7958
3941
995
1316
9389
2126
2159
4837
4216
6472
7309
6689
5501
2715
3237
7850
1389
3
7674
4398
9950
2706
355
1070
7853
8028
1926
2814
6957
2702
8477
9150
4060
4089
7178
5581
1924
5203
2060
9983
6075
8421
8
4635
8151
4549
2059
8331
6410
1313
7275
1679
6520
5555
1601
6838
670
451
1021
6322
1005
9633
3894
3488
1500
7417
6060
411
8908
5850
7946
9805
5907
5751
6450
1144
5692
6485
5335
7107
4840
6771
5083
8326
9409
8196
5498
5187
8675
3014
9330
351
2825
1803
2699
543
2114
5452
2858
2811
1242
6517
5950
4313
4520
8554
1650
8746
6448
2799
2134
9508
8332
3132
3741
9192
6090
8180
6806
3658
9561
4117
8153
6674
2937
1662
1065
5574
7834
132
767
521
2626
8566
9551
330
6656
1152
2660
5961
2063
7519
4963
5185
8761
1237
5830
7274
9653
3884
2923
6730
2581
4772
4861
3045
6259
4106
1780
4572
2045
7354
1013
9736
3357
3089
8903
8311
5769
585
7039
1428
9220
2346
1667
3244
7871
4700
6983
1381
8147
2365
729
8783
7215
2942
7880
2357
5572
6902
6268
5031
8081
9788
5375
2965
5281
5973
7728
6046
4344
5255
8933
2928
5937
2180
4070
1200
4380
438
9453
3955
1172
6694
7327
6327
9283
5112
8265
8834
8412
6165
3487
9979
4367
8899
9326
3460
7844
4366
7648
9507
3396
41
9701
3793
9459
7273
2441
8565
146
5792
1458
532
5750
9203
1016
3481
8852
1795
6897
418
7479
9770
5273
7624
5908
9066
2026
3217
7821
2830
9601
6077
6271
9022
2623
101
1448
8129
7517
8997
5162
3548
9607
2918
1861
9880
1390
4971
9646
5772
1806
9891
9553
7250
335
2569
2136
4203
7676
2537
2257
6885
5728
8353
6917
6444
1402
1011
7257
4975
503
4613
6272
1347
3724
8381
5413
1490
2474
7114
7291
1657
9978
4732
8246
8831
3616
7444
7636
4888
1748
6004
9363
1046
8844
4999
1757
7297
5477
5846
7795
2366
9892
1937
8390
3355
306
2597
8505
3391
7019
7082
8941
5209
3615
3367
5854
292
9590
1708
7600
8956
9318
9796
353
6783
6898
9228
6673
9909
7930
8711
2235
2840
2123
5638
5277
8127
1895
757
3883
9616
3782
2377
9357
1624
1266
783
1009
8214
3046
4929
6938
9831
9134
118
6050
3401
3605
8261
7288
2383
2545
2603
560
6671
5330
116
8985
9025
8276
8437
2701
2395
9660
7827
7837
6662
4742
1369
6932
4039
7581
5849
8757
4297
86
1818
2022
6361
2107
8954
4406
7203
968
5029
7286
1605
9572
5823
7943
6035
4857
4021
4765
8838
2575
6972
1808
4777
862
6600
1778
4890
3606
3559
9859
5520
5138
5401
9640
2941
7443
6064
889
9353
699
6491
5218
564
7542
1256
4131
5378
7402
8334
8781
9963
8006
2158
7540
9898
6770
8182
7124
9932
8223
3854
5149
7606
3185
1140
9628
453
5016
763
6971
8796
5521
6593
2740
7781
6822
9204
9473
6369
4099
3822
596
3349
7056
3159
3378
3124
3692
3880
4288
5442
6265
5867
8536
1379
321
5779
1438
3868
7224
3419
9775
2724
7321
7365
4916
8994
6508
6273
5559
3711
5981
2099
1245
5384
8023
8208
5526
5983
5486
7896
1962
8681
9854
3086
7804
7671
7432
2466
4434
6308
4537
5480
3561
9272
2054
7009
6823
2629
6405
8048
2021
7934
8782
5424
850
7502
8612
4332
4225
647
3773
5156
3050
5108
5620
8159
4858
5599
9072
3662
9295
8653
7374
6804
8970
5856
5389
5003
546
8420
3935
7545
4632
611
3297
4827
9217
202
8916
4258
713
2684
3451
9976
5385
7130
5229
9273
5180
506
7711
3145
5234
1580
9224
9544
2641
7007
3005
4433
5428
5214
2106
4155
3688
9367
6819
5903
4334
2486
7336
9114
9448
4249
1261
691
3026
3002
6530
6014
7077
4111
1765
8682
3629
9698
4724
5374
2410
7329
5030
8880
5744
440
8618
4762
7508
4156
1333
2556
9716
3091
123
6886
1788
36
2369
5803
9489
8464
7477
3184
3118
1914
864
222
9413
1727
9677
8068
8515
3556
540
6388
7187
9506
6442
2996
7598
6008
2471
929
1358
6857
8998
620
2287
4943
4914
8463
1789
870
5706
7194
8930
4200
5532
376
8734
2743
648
4948
3557
4761
2452
2289
2283
9786
7010
4315
3027
7322
754
8300
8320
3223
1834
9665
3074
598
2655
4642
6207
2214
8210
9146
6697
1724
7457
5864
7507
1964
9728
6533
9380
759
186
3878
7913
9401
31
1306
8058
1101
6055
9463
5688
5394
2710
4933
8562
6496
9967
4256
8184
3671
6708
4487
8263
5018
9254
7434
9113
1196
6137
267
8166
9487
4906
2508
3344
243
163
1653
1732
7745
6117
8632
6274
8093
9989
7831
5675
3148
631
7573
1206
8370
6116
6048
5287
6034
6420
4223
5918
7471
2547
6916
962
1696
1028
7524
717
5011
3545
3476
3675
7143
72
270
2498
2344
2503
3085
4866
1268
5713
8317
1625
207
2076
6343
8773
4142
5739
8207
1637
3869
5527
9987
439
9193
3313
786
2014
4383
5446
5879
6469
7744
3716
9700
9440
4771
6954
5760
9724
7623
2542
268
2393
459
8982
5650
3667
1646
4382
4682
6486
6123
5034
6044
3232
6196
2362
3534
6126
3950
3873
5669
871
4196
7630
8111
6781
2994
5788
6798
210
1589
9475
6292
8577
3484
2192
4758
4428
595
2005
7382
8764
9594
5870
9730
3725
4882
3229
1238
4123
735
4936
6756
6575
9992
9609
6717
8144
6147
4110
3112
1934
702
3462
5468
5071
1622
27
2865
8872
612
9929
679
3267
4048
7619
5476
4544
9214
2548
4578
3638
8524
5420
9669
8004
134
4643
7044
9812
3510
9619
8948
1713
3954
3650
4235
1943
242
6248
5210
8745
8080
5895
7616
180
5493
8741
5610
7546
8403
7565
5021
669
2286
8011
4756
6216
9689
3406
8669
1345
8251
1652
8158
7232
8663
89
8472
9406
3122
7739
4312
7381
7891
66
5925
4621
5695
5968
3622
5022
5160
557
8493
8768
2301
5951
8728
471
6713
9573
1998
6205
2558
7968
4178
1386
4068
4558
323
358
9747
1826
4779
7343
6509
7267
2185
7955
7229
6945
1599
8035
6493
7925
9522
5892
3056
6338
5352
5492
2582
9825
5535
2162
1975
2496
2405
7747
9325
7971
3057
9396
1743
3249
6524
8519
5781
1596
2567
9803
3840
6570
3071
4432
7784
6005
4085
5789
5224
6071
2428
8680
416
7268
1155
251
8944
1938
6669
6747
1791
1084
2353
9293
4879
4641
7307
3202
938
1771
5324
6567
9108
7364
11
5678
2540
2310
5430
9064
6258
2082
2851
106
1647
6603
1354
965
1515
904
3720
705
7139
248
3285
3265
8488
8272
4035
8567
2225
8940
1742
7339
4535
833
3669
1790
3789
4930
1798
2336
4574
5802
3846
7072
113
5799
8107
7453
7221
4808
3544
4596
2798
7690
6438
9294
1648
652
5339
5348
9428
2674
7093
8870
712
8891
9450
4532
5504
4819
4259
6243
8639
3080
8708
5272
111
1949
2108
7331
2621
9802
4895
970
4053
3902
5623
8489
1530
1357
4566
1099
4050
2636
6492
2628
2280
8325
5575
8186
5478
6422
1160
363
3569
4149
3917
2990
9039
5372
3309
8478
3393
6434
1908
462
3723
3068
1569
3550
6114
8909
8078
9998
808
6695
1107
6680
6878
3361
1423
4618
2884
3897
1517
1108
7765
9541
5355
3242
6480
2278
3282
7235
4515
6392
7252
3866
4066
6171
7506
7920
8481
9278
4211
1006
1736
4740
7703
2934
6088
4186
4001
5822
5462
3765
9773
1978
3755
1077
4451
9063
332
6522
7567
429
4564
1054
6494
762
4416
1321
6868
3804
4243
3536
1130
5793
2068
121
5055
6871
7646
445
214
6278
6608
3365
6934
622
1572
1629
4096
2345
7620
5522
8224
9884
2312
6091
9790
9494
972
5681
5919
8198
1179
7888
7510
9032
8986
4011
6389
2795
4583
9657
2646
8895
7718
8762
5541
9451
6141
3362
6197
7496
9478
1364
4082
4482
8817
366
211
6313
9515
276
7185
7938
5942
4478
1699
5041
2208
8586
7158
4674
1359
3621
5752
4885
5883
3633
8486
3130
7223
2925
6807
6166
7596
2166
1618
6931
651
61
6574
1480
3479
1154
2187
4473
162
1750
6134
1087
8453
3178
8134
4519
7168
8547
3830
9982
8021
1664
4130
4601
774
4686
3225
3528
4375
1620
9149
8545
1865
5198
4669
8141
4154
1360
7115
789
6291
5085
185
7094
3932
7261
7527
3744
4084
6939
4552
5290
1232
9977
4037
9886
1831
8700
5562
2103
2184
3665
5363
4797
7754
3301
4393
5563
5943
8666
3416
3327
4671
3885
2476
6331
6423
5088
5484
1801
6092
9525
1561
1102
3034
7803
2828
3117
8064
150
1992
8318
6693
8236
3867
9023
4854
6315
7594
9550
2227
2936
5991
6217
5404
2239
3991
4869
480
7638
9846
9815
3236
4935
4633
5766
2472
632
5847
5005
590
364
5233
1096
5619
9412
4299
3853
8756
6622
9727
4443
4185
8010
6552
5653
4365
2112
2430
5425
1047
2449
2796
136
4364
7802
133
9679
7513
719
1361
7729
6825
8837
9088
8142
1324
7176
8769
5835
7921
2643
4876
766
2889
6845
6813
3336
9284
6186
9937
4541
5412
859
8125
8881
7950
9696
4017
4055
5671
7668
3029
614
8393
6889
6503
5052
948
7450
8097
4213
6769
2510
1658
7797
2808
6401
1502
9017
5271
9100
1867
8072
5275
4133
1098
5897
3852
7967
4521
7673
4495
2546
238
2872
8730
4005
1422
6568
7860
5017
5039
9584
8321
8823
3343
5598
2520
7425
4522
1252
7952
7995
1178
2264
9603
8884
9637
6652
1534
8684
4580
6909
4961
544
7421
6065
5891
3546
9235
413
7635
7650
7472
3228
9784
8720
8850
9144
1518
6613
8012
3529
3246
3980
2572
8157
4620
1332
7872
6257
6647
505
940
9132
7011
8704
6870
3194
2115
173
9830
6156
1794
2276
6785
4994
5940
7177
7041
4024
5718
6906
5987
5840
3847
6800
8636
5188
1538
204
1435
8065
4868
4703
7799
5542
3315
5117
7809
1304
4940
9957
5096
428
408
1560
2687
2226
3551
3766
5184
3239
115
5165
1327
8879
2447
945
6260
7210
2801
6179
869
1905
863
9259
2512
9686
6475
9418
387
3786
4956
5440
3321
6287
4733
2846
199
7035
6387
1020
1919
9035
553
3409
1635
4376
6615
3790
5811
9152
2711
195
9341
1558
8061
1320
5502
3215
1433
4504
5081
259
5801
1674
407
7762
6498
9797
5099
104
293
76
6162
4371
9591
7316
1564
8920
2046
9863
8574
8688
5787
9749
26
845
4309
9781
9549
3715
814
6209
1812
9901
3164
16
2812
918
5173
5025
1557
7305
6152
1111
6984
8363
1634
7657
6122
2632
3072
4945
819
9172
2697
3067
6368
3457
8443
9869
3287
402
6715
7498
6512
6297
8727
1014
624
2335
3279
5035
5119
9070
8744
7889
4285
2502
1807
8250
6773
1661
8436
7129
28
1720
9623
772
4937
7244
9121
1751
419
866
2259
1218
9644
8312
1181
8257
2071
4993
6406
7890
6904
6294
8697
7613
7516
2350
8178
9737
2689
2995
6506
5111
7401
8083
4135
7940
4384
7024
9717
7208
4327
6847
9339
5957
9277
6409
5955
9738
9189
3078
3823
4902
9845
1198
3767
9871
5494
7548
5723
3762
2703
308
8779
4543
3106
7563
9182
5656
6029
9423
8340
6853
8301
7840
5358
5784
7405
3079
3912
8667
8391
2967
2839
3366
2142
4064
2705
3123
9419
5109
3827
3600
3997
9115
8079
8285
392
7260
9028
184
7202
3120
9714
9593
8150
9761
8183
7672
8901
4215
2035
2497
4690
3918
8247
1656
7458
8589
5282
2294
3306
2667
6986
4372
34
417
2757
1856
4911
6921
2885
5406
2549
9232
4964
4077
1512
9722
5408
4421
2614
1762
8304
7629
3612
7528
3740
3024
9948
2960
8086
450
7694
3570
1475
8200
4282
7469
7459
381
1972
4668
158
9801
7006
8525
395
6831
513
7726
5862
9382
9104
4595
3573
6684
4079
7233
7430
769
3175
454
6582
3013
8047
9839
3618
406
6676
4910
1281
7337
1527
4317
7822
923
7216
3147
6360
7678
2823
4792
6616
636
9867
6312
3568
2379
957
348
5771
9697
7956
4129
1425
291
6618
2140
907
4095
7385
2511
7529
9941
2519
6796
3299
1483
3466
7989
8959
3647
9162
2675
2178
3644
9912
3000
5047
1385
781
7559
4716
5872
2194
7998
5812
4078
8902
1380
836
2495
7839
559
6094
3731
8867
499
7607
2324
7040
6076
3203
680
3553
9471
5362
1240
1042
8169
5964
400
446
5696
1815
8450
8126
4462
7449
9720
4318
4949
8537
5851
2993
7264
4562
6633
191
6750
1217
2425
3602
921
2981
3943
7979
3619
8000
5189
8987
5852
8386
8189
3012
3524
933
78
67
5978
887
605
9040
4469
9866
2093
9199
5995
5761
2429
2337
2299
1955
9634
5436
5603
4639
1763
1643
3842
2230
2975
328
4144
9829
9668
187
5785
7772
4567
6610
8709
4915
2986
265
2284
3156
563
5621
9231
1264
5276
9809
2373
5928
9474
8811
9919
6250
5253
4523
8336
6758
3491
3982
2356
3709
2719
4339
1190
7008
8775
2984
1597
4044
5101
1195
4120
7445
6791
7651
5295
4435
4470
7373
8691
9364
7664
7052
474
7965
1399
100
7948
9666
715
6182
6247
6390
6012
3829
7826
5350
4385
7314
784
9850
1419
9763
9322
787
9154
5320
9870
9441
7424
8770
575
7238
414
8634
1692
5545
1000
4496
9175
2265
2019
6876
9756
6877
6016
2481
1870
5500
643
7774
3021
2094
4346
8306
9013
1893
1857
6604
8202
946
1274
644
6993
7389
7604
1649
1864
8824
8889
5328
1368
577
3388
8543
4492
9229
3653
5172
2791
603
4834
9469
6382
465
2386
5239
5294
1191
7746
2599
1420
2438
7246
1969
5466
5227
7932
3637
2398
7558
2281
7017
9164
3443
3444
1095
2552
1891
941
1540
3224
6887
8192
2268
8862
5634
8039
6735
6364
9672
6925
6467
2323
6244
2400
14
1626
9926
6792
1424
7790
1828
6177
8785
9925
9361
2714
8392
7994
58
1026
475
8288
2870
6861
5365
6168
1728
6363
1403
6262
1841
1400
3763
8405
5971
6903
7127
1262
322
9481
3281
8999
2532
9138
9006
1133
6362
7721
6546
9627
2768
8447
3064
5279
7818
7476
1187
9080
4992
2300
7705
5166
5364
8558
5293
5507
6139
6070
2620
2206
2464
7460
912
4579
9654
3632
2786
8431
479
5098
3952
6298
5554
7753
1945
1507
6193
872
5421
3961
5013
618
7074
2663
8322
4776
4960
2499
6583
124
4637
988
2797
8742
8573
9570
6832
3504
5588
2050
2695
6017
7164
6799
7092
9706
8262
3745
4586
1189
3316
7153
5999
5454
3736
6047
2321
3505
4680
6242
599
3521
7379
9711
3586
3681
579
5346
8939
6590
2165
6794
4302
2585
2553
3998
5917
169
7800
8123
9540
7038
1604
4941
3031
4049
9546
7388
6664
1899
9636
3824
3094
1586
5087
4619
1685
8579
2754
2908
9034
2352
9216
6049
9865
8091
7734
4347
4624
8521
2342
943
5151
7770
1986
7478
7341
1436
6285
1132
7702
8774
1263
6752
2813
6277
4165
4132
7599
6884
5649
6111
6464
3399
5702
3507
9648
2084
6987
1455
8152
9365
7262
2219
7345
2109
6451
5343
4423
5381
1230
8174
1639
5927
3594
1330
4702
6639
9659
2633
4391
3761
5107
7887
6302
4180
5143
7642
8369
6204
8469
5982
738
304
696
6976
9726
6440
8269
1029
3694
5252
4600
7031
441
3610
1695
982
2349
6463
3430
556
1510
240
3058
1078
4126
4518
6479
5839
8599
7707
9417
1741
7012
9904
6851
5551
326
4063
3781
8148
6560
4497
221
3993
3293
4818
6304
610
2867
200
3200
7096
420
3986
1566
6531
3881
3331
3718
7338
4872
4922
250
8974
9081
9230
6555
1442
681
8138
105
9432
9212
9893
9190
9688
7785
448
5093
8329
85
5147
9564
3041
8504
688
7080
5553
7688
4169
9303
8032
686
9392
1571
4293
5038
5984
193
7241
6772
6487
2878
8523
6563
2437
8238
5105
2168
2403
8324
2696
3116
2125
9372
435
3944
2477
5488
6355
9537
7709
3578
1452
1982
313
3075
8490
2279
9975
6738
3506
736
7195
1427
7556
2933
5550
9180
6836
8219
4119
3418
1876
9371
6031
8739
5700
6481
1116
3177
536
7841
6707
4767
6935
3428
829
7767
8161
9374
4722
2052
4463
2450
665
9245
1257
915
2578
1553
6683
2354
9795
7543
4878
5647
926
5298
7537
4704
1707
1805
1710
1056
1273
7878
7053
6952
930
1082
9482
2639
4815
3003
9974
9988
3276
1927
5708
9111
2422
5543
4865
5806
70
8376
4025
5868
906
3706
516
4822
8308
4010
4729
6476
1068
4983
9101
3686
8749
43
5042
8234
154
494
249
6905
9902
728
8146
4987
7833
7846
1040
591
1607
6042
4892
3047
1816
5201
7897
2243
9386
2619
8818
5232
2009
6199
684
7791
298
8642
7865
6079
7698
1721
5467
3702
9210
1922
572
7172
8754
7521
2413
6142
5509
3735
8662
4751
825
4081
8345
3549
1374
9780
4829
5432
315
6602
7487
9349
7899
6188
9808
7347
7175
3255
3275
5503
7653
504
9071
7645
6985
4189
3204
7256
6732
8683
2977
4760
7808
2456
7346
4976
1219
8426
4725
4764
9916
1371
9344
5289
4438
7640
3514
9529
9811
3707
8526
9337
6839
9813
7609
1462
6222
1041
4272
990
2183
1636
807
8413
8685
2253
7706
1737
9269
6628
502
1977
6155
5827
1395
8342
5994
9641
4629
4479
4893
6924
3535
339
6551
7499
4232
3509
8928
2137
9424
2092
3888
4726
7461
3527
1113
5267
77
2132
8197
9629
2270
9545
246
8344
9077
2320
2732
6762
3163
8211
4404
2624
4148
2382
1468
8875
4141
7482
6143
2952
9120
5866
7018
4610
2989
3218
3475
7815
3889
9969
4785
9914
5285
5082
1050
8416
7866
7190
1184
3498
4166
7710
2590
7737
7617
7318
8054
7342
613
6100
594
701
1911
1477
6211
8132
6015
6645
7942
9457
5682
7086
4244
4361
3059
1672
8702
6658
7351
4181
6624
7681
5765
581
5023
1691
2770
4493
7157
4275
8130
2837
4033
8503
1247
888
3290
3555
2455
9442
4257
8038
4708
8794
4548
6234
6203
9699
1008
8888
1590
2860
2543
1881
7530
9461
3537
2773
6323
5321
694
225
3154
1676
6926
2169
2662
9059
9304
5284
2401
234
8255
6751
9286
3023
2538
6104
8402
8913
8883
2728
7001
1894
7885
8572
537
2583
4488
4270
2443
4261
3495
437
4563
6233
9511
9260
6786
4410
4962
7628
2592
68
9681
2979
4714
5524
8969
212
4546
4308
4113
9776
6181
4554
7652
2081
433
9847
3942
805
6820
3402
7481
9321
35
3139
2056
3976
2557
1683
1906
9090
6746
9394
1383
9682
3567
3497
5800
960
319
8220
452
2285
6631
2236
2420
6286
7916
9240
2000
9239
776
415
7691
7512
7717
3314
1062
2871
7060
9757
6314
8231
6629
3060
7013
4533
4909
835
1944
6066
9980
8869
8560
5625
6543
7820
2327
3161
2423
483
6586
5853
5395
2744
6521
360
8073
8861
9599
2707
2458
3775
2763
9147
5663
1602
6452
2210
226
2062
2083
4420
1012
7442
3604
9684
7520
3245
8721
6797
5059
5875
9935
5063
3066
4425
455
9512
9742
9715
1723
5644
2709
7254
2737
8627
3454
5720
8371
1645
2970
9972
9011
4303
658
9496
7197
9799
1270
4465
3129
5274
8050
1800
1202
8991
7488
4453
5091
2999
6852
4584
3928
5528
899
149
5236
5794
4407
6411
2653
847
8977
6883
8384
2224
1642
3797
1837
886
7386
895
3017
9315
4238
974
92
7209
9833
4787
7939
9754
382
1760
6540
608
338
5090
2445
1528
3296
9899
3639
9733
8092
9964
8955
6007
9056
9404
9922
4061
793
3323
5104
3162
5747
8480
6764
7551
1376
9650
3592
6228
4667
7248
3211
4352
8646
2506
139
7214
5079
9200
6170
3440
3732
346
9393
3038
635
8725
8660
6184
5168
3015
9676
2886
6585
5067
2254
8293
8868
9008
3262
288
3575
9042
4659
1470
9082
403
3332
6516
3560
7266
8947
6981
672
2296
2893
5012
6992
157
6251
580
8432
2591
7618
5433
9048
2329
1405
1822
902
7166
3795
4631
2307
1869
3415
6439
5002
4197
1343
1847
8496
4283
4450
8786
7805
117
2926
4202
94
4098
6573
3174
6975
5941
5817
6844
1644
3158
5014
6826
22
3082
5135
4737
1529
4683
4015
1193
7980
8422
7641
1131
3517
2573
8124
7557
463
9069
2562
4997
2826
1393
1109
2708
476
247
2566
8922
7061
5956
6068
8731
5859
4266
4967
5805
4426
8007
289
8259
2721
44
5399
1843
7398
8614
5415
4348
1289
8595
8280
379
6634
5705
4851
2267
9379
8963
8458
1341
1583
9875
9791
6937
8887
8960
2932
9122
8203
4755
9000
5223
1485
8686
3198
1782
84
1888
5694
7682
2205
4713
5774
231
4958
6158
8747
2805
2293
405
6856
7131
8143
8931
4016
2888
1910
1640
5247
8401
5456
6953
7892
5525
3819
7391
4759
6900
4159
6350
17
6784
1997
7003
7366
4012
8569
6127
432
5596
1952
3996
1866
9793
6051
5216
7378
1223
6598
4485
9997
5627
7725
4781
9531
2753
8617
7146
4480
5259
4264
2295
4424
6579
588
2789
8649
6279
7732
9647
2147
3768
8576
2819
1059
5617
2493
1715
9105
3929
3571
2625
5472
7603
8190
3166
4231
280
6159
5860
4863
3566
1429
5206
1121
6419
8098
9443
3532
3192
2844
9618
7597
6727
1450
7554
578
384
5844
4499
3197
2976
8018
9691
4115
4919
7813
3987
8256
3601
8988
8106
3420
8865
4092
4279
5948
1787
3698
6477
1344
4464
5231
1451
8323
7196
9503
7149
2517
9274
5838
6980
1105
8298
7184
3330
9860
1542
1294
4939
3207
9908
3519
9252
7142
718
6135
1511
3728
8409
750
4512
1769
5979
6097
3348
9576
294
3693
6397
8252
9268
6416
5896
954
6399
1097
6431
55
5732
9970
9309
2305
1563
2613
3087
9075
3936
5140
4177
3839
7174
5043
4105
7271
9598
4240
190
5317
5609
981
6748
8187
7100
6246
6702
159
8623
6393
9191
6201
5009
703
6606
3099
9491
9037
4550
8036
3511
760
110
3304
2246
9476
7101
1821
5716
5912
4573
7632
8160
9016
6074
1260
4591
4476
9065
5755
2439
6778
3468
5222
780
6795
4981
444
9466
7464
1766
4597
8906
8297
8936
4067
9109
6045
2771
5474
7859
354
794
9931
245
6637
586
7240
8119
7048
3872
6335
2451
9346
9290
6468
3607
1246
5970
8084
1110
2172
6592
4417
1207
7566
5646
3900
7263
255
4176
6951
7113
3092
2333
1885
3102
2788
1030
8254
6391
1123
9752
2921
2783
1946
8395
6227
997
9771
4663
54
4873
8474
8024
4333
1539
3289
148
3108
1003
9332
6646
2775
2207
2554
7633
9388
1024
8382
8735
3970
7102
6940
3230
3597
1301
4477
3274
2232
6956
488
9843
3989
7550
5089
8763
6755
5930
4051
3690
1819
4527
2767
8989
2182
7689
3906
7311
2902
8695
7186
7066
8355
2598
6514
8527
9316
8346
5877
350
5515
3816
2523
8212
8896
3425
3140
2693
4841
9355
8074
9165
8871
2810
1953
8022
9398
2392
5496
6672
9362
822
6793
4684
5316
3588
4814
3947
7296
1983
6267
5377
8055
5368
8114
8833
2241
1208
991
8722
508
924
236
8839
8847
7021
6670
1319
7523
3685
7848
5683
7140
3347
7836
6745
6978
6963
8397
312
3641
1001
4828
919
2128
1461
637
916
3890
7363
3628
166
4556
708
380
7959
7411
5142
1615
8051
3636
9433
9620
7852
2736
7438
8473
5571
7972
1758
3904
4805
1007
9710
518
1466
1995
8953
9645
5539
1135
5061
143
6539
7002
9462
3874
3153
6435
3959
7218
9429
6053
8461
1153
6230
7110
9558
1258
3167
7587
2605
6213
5736
8040
5815
1879
152
3700
327
8120
5064
4636
2741
9769
6591
9832
3812
8264
8339
3776
4395
9196
3326
6930
436
3801
568
9067
3500
5438
320
7392
4102
5409
9238
7058
9480
1311
5910
2069
1531
5749
8873
1792
4349
8846
4236
6359
7922
5932
8946
6858
3103
9243
8729
6218
8827
52
5338
2418
8471
8030
964
8430
2762
8696
3395
6024
4006
9497
593
6548
583
8274
2298
1127
1454
9783
721
5719
742
697
5826
3683
4904
1299
7138
7697
8167
6180
2761
5533
4403
9490
91
4711
6515
6130
5754
423
7589
6824
7532
994
2340
341
9693
2551
6874
3717
1205
3371
993
8533
7111
4481
252
5065
9586
7159
2890
3411
9434
1265
8619
2222
6320
600
1697
4739
142
4506
9709
8171
9889
1441
5049
4847
8585
1407
7796
3312
6780
9381
2943
5604
6855
7937
1348
6965
6163
6518
8284
4775
6001
1670
3523
8042
4921
6549
8890
4208
9030
3813
3634
227
1365
4494
1039
8260
861
2530
9373
6661
2262
1851
6997
9927
5159
956
8829
7376
8661
6589
8848
7727
2738
3373
9852
7095
5573
3004
3413
4222
5020
3097
936
6776
2807
9333
8149
5737
7361
8538
8654
520
9052
7740
4020
1352
3485
4766
5228
5858
5270
6569
386
5945
5213
5356
1045
5453
4934
6687
2431
1796
5667
3104
8156
9143
1048
1775
4850
8287
3006
2304
3927
4864
8609
4429
1209
8610
8707
8665
2141
1037
5007
1166
6723
865
6282
7661
4030
1044
2822
6923
778
1375
9981
6626
6553
203
3617
9376
7217
3826
4042
2617
3808
5310
1018
4944
4023
6910
9750
9181
1143
9942
1163
4381
3109
3291
282
3128
7760
2998
1585
6449
9455
5791
5445
1275
4925
5711
562
7615
8365
8495
1161
2175
7778
1410
6678
8943
2188
9400
5639
9047
410
3799
1619
3368
305
3263
9582
9523
1221
6550
9554
6102
1985
4356
6072
424
6949
7154
8385
4622
3609
7105
6333
9324
7231
2895
3710
3397
8591
7879
3283
7290
9012
1382
6231
4665
3862
9961
285
9630
7384
9658
1156
6741
1086
5058
254
5601
9222
8277
5015
3831
9058
9010
1282
6651
4003
4164
9263
6890
7886
8984
527
6321
9936
2328
6969
2594
7876
882
2411
4576
1665
3988
4896
1832
6220
5576
5115
1356
473
9319
1124
5709
9610
8993
7409
7526
8283
4212
5344
8615
9956
3458
8360
5821
9704
5733
4786
7926
6454
8530
5269
5019
969
837
1060
5722
6356
3077
5834
4644
2610
9702
3410
7287
1772
3256
6849
64
2758
1061
7436
5045
2217
5242
8215
2111
7064
816
1830
8673
5580
5086
7050
2856
6821
3022
4168
260
7344
999
4468
4047
57
6643
6371
711
2974
4824
3222
8651
2564
8552
6471
4254
3169
3899
1700
7440
7319
7283
29
8454
8244
2507
6580
8456
6128
75
9347
4440
7383
7945
6269
3372
4074
9094
674
5989
32
2669
7679
7957
7576
7043
1764
7070
1272
2892
2487
6961
8316
6899
1680
4466
6558
6510
8417
7590
1811
2157
9703
2116
9874
606
3258
2127
4970
5645
2515
9452
5161
9492
7212
4004
4590
9038
8679
662
8652
3814
574
3861
7188
5635
1840
1002
4351
7037
9946
7410
1283
6036
8980
6722
9495
8736
2412
8658
6214
6863
2935
317
9721
2649
2831
2516
1094
1686
8592
5886
3310
9342
8487
7340
6998
4007
1595
9233
6726
4198
2479
7935
2608
6028
9602
9921
1334
3577
4388
4498
615
1525
5672
4310
6895
7390
9102
6375
4460
4234
3937
9862
9408
6081
6132
5745
4228
2033
3318
7562
9674
3450
9735
2372
2672
7715
127
2223
3048
8216
8973
7585
3583
2852
7614
4362
4675
8608
4653
1049
7065
4719
2435
8364
6441
6668
2555
5297
2880
2308
3979
2248
261
7577
5810
5727
4727
853
1844
4959
5429
456
3590
3028
434
9171
2723
6933
9411
7465
5327
5308
9041
9532
2409
9930
425
1999
4769
1158
1447
1809
7838
2358
7750
6497
1835
2681
2191
9917
8239
2966
641
3011
9208
273
2484
6303
2873
1559
2074
9896
9539
2100
5176
7578
4625
548
9816
7448
2657
9718
65
6006
1939
9894
6365
1896
526
6979
9054
6947
6920
8795
108
4517
2424
6513
3417
7961
2929
8855
7073
7025
8253
9308
3591
5537
8611
891
2919
4241
1212
3691
4298
4136
5470
5163
216
8071
2065
8309
2534
1714
7982
2244
5726
5423
4307
4431
7708
8633
2442
724
6712
4516
852
5657
1495
7644
1987
3730
2751
9402
5326
5529
3705
9211
1064
2034
3832
9145
8268
9106
9148
2983
1488
2154
1430
9198
4330
4603
939
3179
1277
7490
6084
8302
5585
6896
1141
8025
9486
1271
3704
5132
8600
4489
9517
4041
9300
172
2101
7133
5689
7456
9131
4832
8062
1970
2584
5400
2720
6235
9098
1514
1917
3734
5818
5136
1231
4813
3201
4139
9567
5966
1933
6802
1651
7819
1139
2220
664
1431
4278
8278
7783
5685
4870
952
5686
4125
809
4306
5349
2488
5905
5360
9864
2482
1366
1481
7047
7033
6761
3913
5397
9687
7059
3114
9552
183
2832
1167
8133
3721
9385
8723
1169
9920
8647
9562
4645
8333
9031
3176
2637
2568
3974
1440
5691
6901
1829
4656
6120
2882
4255
1069
9597
6535
4581
5538
2565
4267
7419
8516
3975
2459
7817
4955
5448
3787
5972
3422
8532
1147
7776
7997
6833
8070
5777
6757
8383
1297
4280
1996
542
6460
4991
4314
1404
2156
2611
4849
4662
1032
4816
8460
3062
8175
1959
2630
6649
6174
9358
6950
9794
2891
4734
336
269
7462
7622
6729
7023
4262
9314
6625
925
9560
6478
9444
449
8117
4134
3896
8640
668
7794
8513
2864
2351
6167
5642
1989
5641
9141
9887
4778
464
125
2803
826
7862
8945
1554
286
2824
2007
7004
4195
1224
5990
3119
654
1055
683
9317
4160
272
3427
7423
1957
1574
390
2651
1031
209
377
8979
7730
2601
3125
7046
3783
2075
6059
1678
431
4623
2859
2944
1882
9091
4757
6346
8556
2991
307
5865
2367
3311
5878
1476
1568
592
8008
6085
7282
4323
7045
9397
4128
3871
2774
8951
5305
8118
4582
391
4286
1838
7299
9764
9520
7733
9014
5677
5929
1935
9745
2525
3213
3666
6019
8918
1363
467
6942
2833
5552
9514
3957
3949
3623
5721
8849
821
1537
1197
6358
2951
9915
9078
5422
7541
4390
3966
7069
9844
7400
909
7908
6556
5033
3168
9855
6061
8597
2690
5080
9580
6642
478
4409
8810
241
4843
3512
2302
3463
3649
5734
5387
8926
2963
9237
6967
274
2209
8690
9519
131
2406
8492
3747
1749
8698
1487
9454
3844
4901
7647
5246
8358
1034
4616
4845
5053
6936
1940
9311
3328
9026
1682
8539
4736
9821
1058
2064
9587
112
7861
9765
4170
9456
2448
4752
4075
6414
2380
7962
894
9004
7333
8594
2760
1827
2242
6779
7109
1417
3288
3069
9751
263
9221
4422
5763
1576
5124
1550
3033
4509
8962
7220
3186
1149
8934
83
6169
472
2436
4730
5578
2897
8154
5516
2735
3436
528
1066
1984
4524
3972
4508
5050
7533
8718
9518
6528
1878
4715
8226
2012
8294
8607
8225
8643
2196
5582
5602
1415
9673
5175
1621
8961
9713
3811
2806
4233
5824
511
9879
7132
3565
8378
1600
8780
7914
6814
4373
3083
7368
9498
817
6404
8034
685
9320
2415
4224
1248
2950
6787
9279
4321
2105
7593
5146
2713
486
7824
4032
1498
8531
1171
71
9504
4842
6554
4490
9947
3753
4087
5724
2391
4982
2648
3429
4679
7303
168
7634
7868
2152
1824
6842
4860
5390
5131
687
7463
6596
6189
8808
8950
5888
7870
9051
5292
8701
5174
4883
2899
5340
7906
1036
4545
4245
7098
1524
8938
2489
6013
7954
6767
2024
2314
7514
9467
7741
7555
8821
15
4979
9007
3377
5303
3227
2560
2949
6701
8299
1567
501
2416
9437
1467
5243
6149
9287
7666
8512
7780
9327
3325
3596
3712
2004
2764
7474
5144
6865
6229
1418
9528
8907
9296
7211
3195
1336
8057
8676
2291
5074
7407
9267
6263
2440
7099
3843
7027
262
7643
7915
3260
1331
9153
5659
8672
3930
6307
8809
566
2120
9188
2664
5684
4649
3220
6782
161
9297
182
570
8553
6000
8104
6888
7435
3121
5008
3828
6866
396
2903
1858
7075
6801
9130
5084
9792
6666
4475
4343
792
9458
5130
7399
7295
6881
3051
9840
885
2622
6619
5648
8528
4587
4875
4436
5240
5939
7134
2003
9053
7769
3209
4400
6597
7993
5177
507
4184
3144
9313
1112
2133
1392
2588
8544
2906
8237
9015
6850
9614
4484
4124
6595
3645
9951
2473
4835
3339
2938
5431
4689
3447
4151
6030
3589
3805
6974
1236
3364
747
6578
7428
1027
3870
2252
5593
4182
3652
8912
1541
303
2102
1491
2095
7324
552
3562
4386
7843
7787
3563
4640
5963
6638
5848
6663
9574
7356
587
8056
4179
2726
1157
7823
1117
2198
9600
3892
8193
394
2593
6240
4884
9596
1465
7406
6714
6462
4627
277
3238
6280
3435
959
458
9827
5489
9079
2171
4019
8451
6740
645
2607
6210
5665
7155
6827
2492
4430
1719
3115
9675
3478
7470
6989
678
1437
4363
6542
2792
1900
8181
8511
5264
6261
8787
1916
2725
4503
7696
753
9447
7583
4459
8281
8759
6525
3538
1043
8145
985
7182
1848
8996
510
950
2467
1326
1884
7387
257
4324
2290
42
8352
1372
8694
2319
1
2544
368
2987
3376
3774
5632
3374
1459
5299
2587
1694
6212
7758
9336
9262
7719
399
3684
1931
567
4887
7773
855
1445
4472
333
2272
9436
8185
9135
6882
7723
3803
9119
4585
7811
6096
93
4542
9535
8878
3188
9611
9142
4654
3554
7328
2073
4474
5197
7771
1904
1907
8076
9019
4687
5437
7775
9348
6636
4745
2042
913
1478
7258
6330
860
4118
4886
7145
5461
7928
824
6526
7553
5194
775
5997
1346
3345
6614
9828
1918
7403
2671
1872
6340
6966
4206
3054
4191
7659
8860
2606
6768
9861
498
5006
7792
3699
3784
4848
230
7534
2389
6962
1668
9096
2164
8965
4712
2250
4439
1474
447
4614
746
4951
3272
1690
337
2642
7712
4768
4652
3449
9800
25
6107
2160
5211
5613
1227
8921
7738
525
8777
2091
6056
9678
349
9939
7054
6154
5495
2644
6537
2311
5371
5419
3221
6559
297
6817
2988
7358
9169
3689
6150
1350
1204
2028
7078
3292
8102
4528
4839
9856
9127
6571
5637
2247
6681
8689
9061
617
1684
4088
1698
4396
980
3382
8110
2682
2866
6054
8103
6650
165
4452
3664
5758
7005
9955
2915
8292
7151
656
2909
1739
1276
820
785
2061
2756
9060
5584
1213
7359
5748
9753
2862
491
3370
806
8090
4220
3627
3359
6121
4194
3020
2730
237
5482
3817
5125
188
7978
5935
7167
5114
5078
4073
4467
8590
2514
302
8075
2177
3254
1119
9906
7986
6099
7900
1295
4137
2958
8470
5595
4908
5701
7269
1677
3389
8771
8095
7759
2266
5778
1722
3807
920
2784
3599
4301
5167
2704
6172
375
196
1004
7103
144
2659
60
5217
8820
4974
7000
8406
301
604
5589
7858
4897
4972
3518
5296
7601
7447
9024
6505
5262
1401
1610
7927
1287
1549
1717
4750
4274
4530
6830
522
5212
8915
2462
7700
1655
2526
239
3552
2027
917
1387
3335
589
3322
1370
1183
4269
9555
1880
2110
6095
8020
2570
5238
9744
9049
357
2271
8923
9118
7228
3439
8418
7522
1579
4038
5986
8671
2031
8209
9731
9093
9184
6908
7902
6869
2802
3620
9213
9281
1552
8419
1804
5704
3452
5996
5816
2170
1443
8616
6455
129
8606
3809
2483
1718
9667
2145
3101
3654
1325
4881
4511
7751
5193
6753
7112
832
177
4807
3131
5697
978
1449
3914
8165
8507
4093
95
877
9422
3070
2577
953
4326
5915
6309
7592
4138
5366
773
2722
4634
9029
5544
5221
1883
5280
8462
2017
5490
6875
2602
5967
5938
374
4924
883
2563
7973
8510
4688
1971
7936
8121
6765
3063
2848
1666
9741
3302
9568
311
7749
1421
3919
9881
4080
8863
9638
63
9343
8555
6724
9806
7049
3886
8840
3857
5123
8841
4316
5804
9766
7300
1235
4529
8966
3483
2274
8063
1015
3953
4606
175
630
6499
2907
800
7877
4143
4427
1126
6366
4059
1489
9168
5410
2881
4743
6733
314
2086
3469
9009
2341
4985
1725
802
8389
6295
8815
7929
5418
7308
9631
9055
6011
8168
126
1188
838
3746
7504
5861
4553
4774
7714
6317
9247
7491
881
6086
7909
896
7655
7362
2794
1100
2256
5513
2457
5798
7226
1373
2820
4707
3494
5407
7332
3486
6720
8967
4547
9759
6318
4418
5547
6191
1573
4500
6119
6113
5449
1903
9758
4294
7856
2238
7656
4340
4009
2316
2334
7983
6407
935
6264
6894
8445
2913
6380
5148
7081
2850
2658
8441
4263
20
1617
8233
8687
8328
7122
6635
6754
9723
9255
4031
2920
2804
3165
6703
3149
8424
7468
8957
6457
9218
3259
1768
426
1814
8053
3453
4188
3126
3642
2931
8139
3614
6946
6728
4694
3714
1367
3836
4100
5869
9126
9952
2446
6379
6164
5110
723
3611
7755
9387
7669
81
6010
4190
9225
9234
6402
983
3643
6848
9449
9903
1185
2038
1413
6659
2809
5557
5260
890
8235
8108
8131
1335
3317
4193
5150
5024
7588
3412
8295
6816
3398
6125
4695
8082
739
6415
2982
3876
7960
482
9265
4525
1106
7192
4192
2023
6245
6893
9999
2595
9608
6200
7071
9934
2193
8173
2509
7396
8241
6032
3754
6612
8059
1712
4998
9370
7969
8571
2765
8644
7713
996
2676
1767
7028
7768
5347
9621
2421
8613
7857
2616
9351
1638
3794
2600
2529
9962
9099
3580
2478
5773
3908
4411
8748
1543
6927
7117
9748
6345
6775
6977
4723
1180
707
82
2939
4655
777
9403
7855
1731
4942
4145
1053
5661
5073
2978
6083
8373
7372
5901
8551
9836
4984
19
2668
1120
8315
223
1551
8398
3660
9
2055
7067
7181
6880
7901
1976
9036
8975
7484
4859
7055
3951
9959
5391
7413
6236
8112
7170
2948
1562
2827
6334
9734
4026
4219
3676
3182
5475
4174
5880
6145
9913
6215
5913
4062
3438
1823
6403
7022
5487
5674
5190
7169
6465
51
362
6605
4083
9725
5597
967
4101
2656
7183
1606
9307
1936
3663
2750
663
4900
7631
9155
3903
7501
9407
1255
9565
5077
1493
6466
752
8135
3969
8801
7941
9241
7245
515
2394
1434
4045
2199
8755
5832
7977
8958
5568
4938
955
951
7999
5215
3624
6195
6239
1186
9858
905
217
5813
5057
547
5306
8105
2200
2388
215
9226
3261
8772
5786
2692
6347
2010
3525
2634
3231
300
3133
6970
5548
1948
1416
1544
487
3269
9414
53
1038
9285
5169
2176
3542
4571
5614
6208
8428
1654
7974
8793
1176
1384
8305
3489
8726
2085
7547
2201
768
8085
3574
2818
2375
5153
1075
8813
796
5402
8140
976
9301
2776
745
7786
6891
2683
657
4300
5261
5608
6324
8506
6667
4980
1673
8604
2011
8596
460
8548
7076
1292
4501
7097
7987
6424
485
5740
9692
7144
4341
8350
1974
2769
8415
492
6426
2002
6809
5129
5911
2347
7408
1220
3856
4560
7429
130
109
5534
151
6915
6456
8069
6037
3743
8041
6654
2673
9624
2742
9427
5465
2361
7881
1556
4000
2638
6620
4446
9251
9670
4471
3219
9740
1145
1687
7835
4090
373
3214
6418
1770
7782
2072
2945
7807
790
6705
5026
1954
8638
5730
9509
6862
5288
7611
1093
9249
3138
3141
5976
4770
5782
844
616
8014
8427
9819
6198
1222
6759
8101
1608
2766
2058
7152
9092
6124
5629
5199
4172
6840
3233
9377
7605
3160
2905
5962
1308
2491
6835
5097
4171
3206
138
1923
4788
5443
4069
5464
1659
4253
2150
6112
9194
7660
1703
6078
627
5133
5388
2249
4091
6319
649
4773
9350
1967
8375
6837
2834
8176
5885
4588
9117
3007
2964
6443
5947
3910
5266
2604
8932
5370
4798
539
7964
5676
1503
8163
8001
1142
8550
8459
9876
8626
7610
2961
4608
9656
8335
3248
6737
7670
9712
8213
3432
2876
279
1278
839
634
1315
4281
4894
6607
551
7625
7742
356
470
1215
7485
2331
5070
9928
37
8379
6219
5032
2216
2385
6788
3940
534
4806
4747
5780
3855
843
6105
6534
9814
5668
9057
1146
6811
6115
9280
1631
6425
655
8563
4
4836
2288
114
2571
6527
4246
582
3049
1516
2043
5643
6413
5757
4952
1756
6501
6655
4486
1439
3739
3502
45
1279
3657
1965
4927
9664
3189
4539
1799
9156
6185
1089
3920
3834
8448
1355
7612
609
5353
3977
9824
6290
3608
4345
310
5382
629
8542
6719
4738
7165
5393
858
9468
9649
56
1853
6433
4753
4271
8003
1338
4946
4442
4342
8026
5485
6955
2325
3727
2861
5170
2535
1426
771
743
1704
3142
798
468
7375
2527
5959
830
6110
4173
5985
3499
7106
7120
1897
9207
8830
3697
8659
1104
9513
4146
9807
9129
233
7845
443
1199
2087
7735
3337
1797
1779
9345
3030
8411
2847
3858
167
2972
3042
2097
5934
810
4988
4412
2173
9911
3587
5558
9606
1300
650
7163
911
1019
3863
8100
3659
484
5337
9435
3340
2408
3095
9588
1875
9209
5833
5687
7213
287
831
1182
7627
709
5325
5974
1592
6461
1785
1312
7684
7270
3446
4617
3346
4969
3965
2734
1378
8354
1074
7418
2627
9002
6991
9087
4954
3865
4923
2727
6395
1201
4569
8122
8752
5560
5505
6270
2444
3579
6288
2204
352
6547
8885
9446
3849
6400
3572
6326
642
1709
5181
5155
7483
9250
5570
5933
2036
4831
8670
8534
1328
9822
9195
1825
8408
6911
7883
2781
6511
6328
1497
7918
1214
5139
3687
1286
2836
9729
9543
4022
1377
7084
984
370
726
6711
1862
9151
7454
102
2454
6700
730
9479
812
9128
4507
7057
4399
7489
2387
1993
3320
5441
8177
9201
3044
5666
4379
2402
3088
5652
8229
213
1633
3100
5118
4397
1842
4445
4820
1810
7722
3250
2098
2138
7944
3390
3984
6742
5376
1746
3055
6929
9536
2747
6223
9965
6153
673
1536
5411
7108
9484
7310
4728
2874
3009
5416
6332
3851
6879
4605
2390
4378
714
8561
3295
5499
4898
2531
5797
1134
9219
6386
2399
1118
8243
4531
2790
8713
495
4217
490
9352
296
3651
931
3136
5004
9477
5154
2522
5379
278
6093
2218
8518
5664
9420
9971
8705
9043
5884
3043
7141
206
2997
8205
7173
700
813
3895
421
119
9033
5103
3208
561
5037
512
1259
5341
6789
2729
4891
7947
9244
8750
3084
2580
5113
4931
2586
2816
3905
9044
9853
6960
9923
2030
6482
1839
3850
9542
3911
5183
9685
797
1681
4295
8876
3076
2261
3539
2746
7294
5248
1456
7414
667
6854
1854
6337
4657
1877
3582
2785
8629
8017
7277
3859
9027
5309
3925
5655
5958
944
8789
8900
8877
2841
848
5808
141
5312
5988
7179
194
7312
3778
2433
6495
2355
5244
8188
6176
9940
8656
4028
3471
2501
4305
876
3268
5517
1689
9739
7416
2539
7473
4568
5743
3837
692
4337
2887
9834
2815
8767
3769
9292
3780
3461
2202
4296
7279
5953
6627
4029
8433
4784
8475
8949
9505
4158
2772
87
6383
3193
7662
7395
1776
7586
232
4796
5594
7480
8842
2231
1860
2842
8520
8677
9953
3338
5250
8803
8258
4076
1990
4735
5546
7851
7278
2332
8664
1092
107
828
5357
3674
2039
8179
5920
9258
1103
4966
6601
6766
1706
9626
6040
3381
271
9557
8588
7404
3351
6502
2322
2258
9289
7544
5566
283
7810
1280
10000
8624
3564
1165
122
4565